image_width: 1920
image_height: 1080
camera_name: 'traffic_light_left_camera'
camera_matrix:
  rows: 3
  cols: 3
  data: [1080.65913, 0.0, 929.89447, 0.0, 1077.69987, 496.57294, 0.0, 0.0, 1.0]
distortion_model: plumb_bob
distortion_coefficients:
  rows: 1
  cols: 5
  data: [-0.3382, 0.08518, 0.00038, 0.00111, 0.0]
projection_matrix:
  rows: 3
  cols: 4
  data: [733.86029, 0.0, 941.46821, 0.0, 0.0, 970.43695, 486.17878, 0.0, 0.0, 0.0,
    1.0, 0.0]
rectification_matrix:
  rows: 3
  cols: 3
  data: [1.0, 0.0, 0.0, 0.0, 1.0, 0.0, 0.0, 0.0, 1.0]